Lus 2014 1 1 1 6.1 10.6 2.6 0.1 16.0 6.1 10.8 350.0 
Lus 2014 1 2 2 7.8 12.4 3.9 0.1 4.5 4.6 11.8 350.0 
Lus 2014 1 3 3 9.1 13.4 4.5 0.5 0.0 5.1 11.7 350.0 
Lus 2014 1 4 4 7.5 11.8 2.3 0.9 6.0 4.8 9.9 350.0 
Lus 2014 1 5 5 3.4 9.6 2.0 0.0 1.5 4.5 10.2 350.0 
Lus 2014 1 6 6 8.2 12.2 1.8 0.2 3.5 5.3 12.2 350.0 
Lus 2014 1 7 7 9.4 13.4 2.7 0.3 0.5 3.5 12.7 350.0 
Lus 2014 1 8 8 8.0 14.2 4.0 0.3 0.0 3.6 12.1 350.0 
Lus 2014 1 9 9 8.9 10.6 1.2 0.3 0.5 2.1 11.0 350.0 
Lus 2014 1 10 10 4.5 12.1 5.8 0.0 0.0 1.0 10.2 350.0 
Lus 2014 1 11 11 6.8 9.1 1.4 0.0 0.0 1.8 10.8 350.0 
Lus 2014 1 12 12 3.9 12.8 6.3 0.0 0.5 2.9 10.5 350.0 
Lus 2014 1 13 13 6.3 10.6 4.8 0.2 21.0 3.3 10.2 350.0 
Lus 2014 1 14 14 3.8 9.1 6.8 0.1 0.0 2.1 8.0 350.0 
Lus 2014 1 15 15 2.0 8.0 1.3 0.0 9.0 4.9 9.5 350.0 
Lus 2014 1 16 16 7.0 10.4 2.7 0.4 18.5 5.0 10.5 350.0 
Lus 2014 1 17 17 4.6 11.1 7.3 0.4 0.0 3.5 8.3 350.0 
Lus 2014 1 18 18 4.2 10.8 4.0 0.5 2.5 3.4 8.9 350.0 
Lus 2014 1 19 19 4.6 6.3 2.5 0.2 0.0 0.8 8.9 350.0 
Lus 2014 1 20 20 2.2 8.6 4.7 0.1 0.0 1.2 8.5 350.0 
Lus 2014 1 21 21 -1.3 8.7 6.0 0.0 0.0 1.8 7.9 350.0 
Lus 2014 1 22 22 3.5 6.9 1.8 0.2 2.5 2.6 8.5 350.0 
Lus 2014 1 23 23 1.4 8.2 4.6 0.0 2.5 2.8 9.2 350.0 
Lus 2014 1 24 24 6.7 10.5 1.5 0.2 14.0 1.9 10.8 350.0 
Lus 2014 1 25 25 7.0 14.2 5.2 0.2 4.5 2.6 12.4 350.0 
Lus 2014 1 26 26 7.1 11.4 1.6 0.3 8.5 4.1 11.1 350.0 
Lus 2014 1 27 27 3.0 7.8 6.0 0.3 7.0 3.0 7.9 350.0 
Lus 2014 1 28 28 1.7 6.1 2.5 0.0 6.5 4.8 8.5 350.0 
Lus 2014 1 29 29 3.8 8.7 4.0 0.3 3.5 2.3 8.9 350.0 
Lus 2014 1 30 30 2.6 8.2 4.6 0.2 2.5 1.7 8.6 350.0 
Lus 2014 1 31 31 1.9 7.8 2.6 0.3 13.0 4.1 8.6 350.0 
Lus 2014 2 1 32 4.8 9.7 5.1 0.6 4.0 4.0 9.0 350.0 
Lus 2014 2 2 33 0.7 9.4 8.1 0.2 0.5 2.7 8.2 350.0 
Lus 2014 2 3 34 1.3 9.0 7.7 0.5 5.5 3.6 7.7 350.0 
Lus 2014 2 4 35 3.2 10.0 8.6 0.9 4.0 5.6 8.1 350.0 
Lus 2014 2 5 36 5.7 9.5 5.8 0.8 6.0 5.7 9.2 350.0 
Lus 2014 2 6 37 4.8 14.6 7.1 1.5 2.0 6.7 9.4 350.0 
Lus 2014 2 7 38 6.6 11.3 6.6 1.2 5.5 5.8 9.4 350.0 
Lus 2014 2 8 39 5.1 9.4 3.8 0.9 20.0 6.2 8.9 350.0 
Lus 2014 2 9 40 2.9 7.5 4.3 0.5 6.5 3.9 8.3 350.0 
Lus 2014 2 10 41 4.4 8.1 3.2 0.5 6.5 2.5 8.6 350.0 
Lus 2014 2 11 42 2.1 7.1 3.3 0.4 2.0 4.3 8.1 350.0 
Lus 2014 2 12 43 1.5 9.4 8.1 0.4 19.0 5.0 8.8 350.0 
Lus 2014 2 13 44 4.9 10.9 7.4 0.8 8.0 5.3 9.6 350.0 
Lus 2014 2 14 45 5.1 14.8 5.5 1.1 3.0 5.7 10.7 350.0 
Lus 2014 2 15 46 7.4 9.9 4.4 0.8 5.0 4.5 10.0 350.0 
Lus 2014 2 16 47 4.0 11.7 10.2 0.8 1.0 3.3 9.0 350.0 
Lus 2014 2 17 48 2.8 13.2 11.9 1.2 0.0 3.0 7.7 350.0 
Lus 2014 2 18 49 4.5 12.1 6.4 1.0 0.5 3.4 9.0 350.0 
Lus 2014 2 19 50 5.0 11.3 5.2 0.5 0.5 2.2 10.3 350.0 
Lus 2014 2 20 51 7.9 11.3 2.2 0.2 8.5 4.5 11.9 350.0 
Lus 2014 2 21 52 2.4 10.0 9.6 0.8 3.0 3.2 8.5 350.0 
Lus 2014 2 22 53 4.1 11.5 5.8 0.7 3.5 4.1 9.9 350.0 
Lus 2014 2 23 54 3.2 12.4 11.3 0.9 0.0 2.3 9.3 350.0 
Lus 2014 2 24 55 5.6 15.6 12.6 2.2 0.5 4.7 8.6 350.0 
Lus 2014 2 25 56 6.7 10.0 3.8 0.7 5.0 4.3 10.2 350.0 
Lus 2014 2 26 57 3.4 11.9 10.6 1.1 0.5 2.5 8.4 350.0 
Lus 2014 2 27 58 3.5 12.6 6.9 1.1 22.0 4.7 9.4 350.0 
Lus 2014 2 28 59 4.2 8.8 8.6 1.0 2.0 5.0 8.8 350.0 
Lus 2014 3 1 60 0.9 10.3 12.3 1.0 0.0 1.5 7.1 350.0 
Lus 2014 3 2 61 -1.9 10.0 10.9 0.8 7.0 3.2 7.7 350.0 
Lus 2014 3 3 62 4.0 8.0 5.5 0.8 12.5 4.5 8.6 350.0 
Lus 2014 3 4 63 3.7 10.9 10.7 1.2 1.5 2.3 8.4 350.0 
Lus 2014 3 5 64 2.6 13.1 15.0 1.3 0.0 1.5 8.0 350.0 
Lus 2014 3 6 65 1.0 13.5 15.6 1.4 0.0 1.4 7.0 350.0 
Lus 2014 3 7 66 0.5 16.8 15.3 1.4 0.0 0.6 6.7 350.0 
Lus 2014 3 8 67 3.4 19.0 16.4 1.9 0.0 1.3 7.6 350.0 
Lus 2014 3 9 68 2.5 19.9 17.1 2.1 0.0 1.7 7.3 350.0 
Lus 2014 3 10 69 2.0 19.5 16.8 1.9 0.0 1.5 8.1 350.0 
Lus 2014 3 11 70 6.0 15.9 15.7 2.0 0.0 3.4 10.2 350.0 
Lus 2014 3 12 71 2.8 17.5 15.4 1.5 0.0 1.0 10.4 350.0 
Lus 2014 3 13 72 2.6 19.0 16.5 1.7 0.0 0.6 8.4 350.0 
Lus 2014 3 14 73 5.8 18.7 16.6 2.1 0.0 1.2 9.1 350.0 
Lus 2014 3 15 74 4.9 13.2 8.1 1.1 0.0 2.1 10.3 350.0 
Lus 2014 3 16 75 4.6 16.9 17.5 1.9 0.5 2.4 10.8 350.0 
Lus 2014 3 17 76 1.4 16.9 14.9 1.4 0.5 1.1 10.9 350.0 
Lus 2014 3 18 77 2.2 11.3 5.4 0.6 0.0 1.6 9.9 350.0 
Lus 2014 3 19 78 2.8 15.5 16.1 1.7 0.0 1.2 9.6 350.0 
Lus 2014 3 20 79 4.1 19.7 18.6 2.7 0.0 3.4 10.0 350.0 
Lus 2014 3 21 80 8.8 12.9 5.9 1.2 2.5 3.6 11.8 350.0 
Lus 2014 3 22 81 6.3 12.0 12.8 2.1 3.0 4.0 9.0 350.0 
Lus 2014 3 23 82 2.3 11.3 14.3 1.8 3.0 2.7 7.6 350.0 
Lus 2014 3 24 83 0.1 9.7 10.9 1.1 5.5 1.7 7.9 350.0 
Lus 2014 3 25 84 5.1 11.3 7.9 1.2 8.0 2.4 9.4 350.0 
Lus 2014 3 26 85 2.8 11.8 14.3 2.0 0.0 2.8 7.6 350.0 
Lus 2014 3 27 86 -0.6 10.4 10.5 1.2 1.5 1.7 7.7 350.0 
Lus 2014 3 28 87 2.4 15.3 16.8 2.2 0.0 1.8 8.1 350.0 
Lus 2014 3 29 88 6.0 18.5 18.1 3.0 0.0 2.2 7.9 350.0 
Lus 2014 3 30 89 7.8 15.7 5.2 1.4 0.0 1.0 9.8 350.0 
Lus 2014 3 31 90 9.9 19.4 17.2 3.0 0.0 2.2 10.9 350.0 
Lus 2014 4 1 91 7.7 20.6 14.8 2.4 0.0 1.6 12.2 350.0 
Lus 2014 4 2 92 11.1 20.6 12.4 2.9 2.0 2.3 11.1 350.0 
Lus 2014 4 3 93 10.8 12.6 2.3 0.3 27.0 1.5 13.7 350.0 
Lus 2014 4 4 94 10.0 16.1 10.0 1.9 0.0 2.1 12.2 350.0 
Lus 2014 4 5 95 5.4 15.9 14.1 1.7 0.5 2.0 12.3 350.0 
Lus 2014 4 6 96 12.3 18.8 10.5 1.9 0.5 1.7 15.2 350.0 
Lus 2014 4 7 97 8.8 21.5 18.3 3.1 0.0 3.3 13.8 350.0 
Lus 2014 4 8 98 6.4 14.3 13.8 2.2 0.0 1.8 9.4 350.0 
Lus 2014 4 9 99 3.8 16.8 22.9 2.9 0.0 1.8 9.0 350.0 
Lus 2014 4 10 100 4.7 21.5 23.5 3.5 0.0 1.8 8.9 350.0 
Lus 2014 4 11 101 8.0 19.3 15.6 2.8 0.0 2.3 11.2 350.0 
Lus 2014 4 12 102 6.6 19.1 21.8 3.2 0.0 1.9 10.7 350.0 
Lus 2014 4 13 103 7.7 17.2 23.0 3.4 0.0 1.9 9.7 350.0 
Lus 2014 4 14 104 5.0 18.9 23.8 3.5 0.0 2.5 10.0 350.0 
Lus 2014 4 15 105 6.0 16.0 24.8 4.8 0.0 4.9 6.6 350.0 
Lus 2014 4 16 106 4.2 17.8 24.9 4.5 0.0 4.0 6.5 350.0 
Lus 2014 4 17 107 2.8 21.0 24.6 4.0 0.0 2.3 7.0 350.0 
Lus 2014 4 18 108 8.4 16.3 14.8 3.0 0.0 2.6 9.3 350.0 
Lus 2014 4 19 109 2.1 14.3 20.5 3.1 0.0 2.7 6.8 350.0 
Lus 2014 4 20 110 3.0 16.5 20.0 2.9 0.0 2.0 8.4 350.0 
Lus 2014 4 21 111 7.3 17.1 12.8 2.1 0.0 0.6 10.4 350.0 
Lus 2014 4 22 112 7.6 18.6 20.5 3.4 0.0 2.2 10.5 350.0 
Lus 2014 4 23 113 4.9 19.5 15.0 2.4 2.0 1.1 11.0 350.0 
Lus 2014 4 24 114 4.8 11.9 5.4 0.6 1.0 1.5 11.8 350.0 
Lus 2014 4 25 115 7.8 16.7 17.0 3.0 0.5 3.1 11.0 350.0 
Lus 2014 4 26 116 7.6 17.2 16.9 3.5 8.5 4.7 10.5 350.0 
Lus 2014 4 27 117 7.9 12.8 10.4 1.7 8.5 5.4 11.7 350.0 
Lus 2014 4 28 118 8.6 14.7 14.5 2.4 5.5 3.1 11.7 350.0 
Lus 2014 4 29 119 7.6 15.2 8.6 1.6 7.5 3.1 12.5 350.0 
Lus 2014 4 30 120 4.5 17.8 20.9 2.9 5.0 2.2 11.4 350.0 
Lus 2014 5 1 121 9.4 15.4 12.9 2.2 6.0 3.2 12.9 350.0 
Lus 2014 5 2 122 8.9 16.4 11.9 2.1 1.0 2.7 12.8 350.0 
Lus 2014 5 3 123 6.2 13.8 21.6 3.6 0.0 4.2 9.0 350.0 
Lus 2014 5 4 124 3.7 17.2 26.5 3.9 0.0 2.4 8.7 350.0 
Lus 2014 5 5 125 5.1 22.8 26.5 4.3 0.5 2.0 10.2 350.0 
Lus 2014 5 6 126 12.0 21.0 16.8 3.6 0.0 3.8 14.4 350.0 
Lus 2014 5 7 127 9.6 18.0 15.8 2.9 0.5 3.7 13.3 350.0 
Lus 2014 5 8 128 9.1 18.0 16.6 3.1 0.0 3.6 12.7 350.0 
Lus 2014 5 9 129 12.6 17.8 14.4 3.1 0.0 3.9 13.8 350.0 
Lus 2014 5 10 130 9.9 15.0 6.8 1.3 2.0 4.1 14.0 350.0 
Lus 2014 5 11 131 8.7 15.7 22.2 3.8 3.0 3.8 11.0 350.0 
Lus 2014 5 12 132 7.0 13.6 16.1 2.5 3.5 2.8 10.7 350.0 
Lus 2014 5 13 133 4.8 16.5 22.3 3.3 4.5 2.0 10.0 350.0 
Lus 2014 5 14 134 6.8 17.8 25.5 4.0 0.0 2.3 10.6 350.0 
Lus 2014 5 15 135 5.6 17.9 29.5 5.1 0.0 4.1 8.7 350.0 
Lus 2014 5 16 136 5.6 19.5 29.6 5.6 0.0 5.1 8.9 350.0 
Lus 2014 5 17 137 7.3 22.1 28.9 5.3 0.0 3.4 10.6 350.0 
Lus 2014 5 18 138 8.4 24.8 28.7 4.9 0.0 1.4 11.5 350.0 
Lus 2014 5 19 139 10.4 24.9 23.2 5.1 17.0 3.4 12.7 350.0 
Lus 2014 5 20 140 11.3 14.9 6.6 1.2 21.5 2.0 14.4 350.0 
Lus 2014 5 21 141 11.2 13.2 2.3 0.3 49.5 2.6 14.1 350.0 
Lus 2014 5 22 142 9.9 17.1 16.0 3.2 3.5 4.3 12.5 350.0 
Lus 2014 5 23 143 9.5 14.2 9.8 1.9 4.0 3.2 12.4 350.0 
Lus 2014 5 24 144 8.6 16.6 21.3 3.8 1.0 4.5 11.8 350.0 
Lus 2014 5 25 145 7.2 17.6 11.8 2.0 1.0 1.4 13.1 350.0 
Lus 2014 5 26 146 9.3 14.8 8.1 1.5 4.5 2.0 13.1 350.0 
Lus 2014 5 27 147 7.4 18.3 23.1 3.7 0.0 2.3 11.7 350.0 
Lus 2014 5 28 148 8.2 19.1 20.5 3.4 0.5 1.4 12.3 350.0 
Lus 2014 5 29 149 9.2 19.3 23.5 3.9 0.0 2.0 13.3 350.0 
Lus 2014 5 30 150 9.1 21.7 25.0 4.2 0.0 1.4 13.2 350.0 
Lus 2014 5 31 151 11.0 22.2 25.0 4.7 0.0 2.8 14.2 350.0 
Lus 2014 6 1 152 10.7 20.0 25.0 4.4 0.0 2.3 13.4 350.0 
Lus 2014 6 2 153 10.7 21.6 19.2 3.7 0.0 1.6 13.3 350.0 
Lus 2014 6 3 154 10.2 17.1 10.4 1.8 6.0 2.2 14.9 350.0 
Lus 2014 6 4 155 12.5 17.5 20.4 4.3 2.5 4.1 12.6 350.0 
Lus 2014 6 5 156 7.4 20.8 29.8 4.7 0.0 1.5 11.5 350.0 
Lus 2014 6 6 157 11.4 26.9 25.1 5.0 1.5 2.7 17.0 350.0 
Lus 2014 6 7 158 16.3 26.6 24.8 5.2 2.5 1.6 17.9 350.0 
Lus 2014 6 8 159 15.1 28.5 26.6 5.4 13.5 1.2 18.4 350.0 
Lus 2014 6 9 160 12.7 28.0 21.7 4.4 2.5 2.3 20.0 350.0 
Lus 2014 6 10 161 14.4 22.8 19.4 4.0 2.0 1.8 16.0 350.0 
Lus 2014 6 11 162 13.8 25.4 24.9 5.3 0.0 3.3 16.7 350.0 
Lus 2014 6 12 163 16.2 26.8 29.5 6.3 0.0 3.4 19.3 350.0 
Lus 2014 6 13 164 15.0 25.9 30.3 6.4 0.0 2.9 15.8 350.0 
Lus 2014 6 14 165 13.7 23.7 25.6 5.6 0.0 3.9 15.1 350.0 
Lus 2014 6 15 166 11.4 21.7 28.0 5.8 0.0 4.5 13.0 350.0 
Lus 2014 6 16 167 10.4 22.6 27.5 5.6 0.0 4.2 12.8 350.0 
Lus 2014 6 17 168 11.3 19.6 16.7 3.8 0.0 4.1 13.2 350.0 
Lus 2014 6 18 169 11.1 21.9 17.3 3.8 0.0 3.3 14.2 350.0 
Lus 2014 6 19 170 11.4 25.1 29.8 5.7 0.0 2.2 14.0 350.0 
Lus 2014 6 20 171 11.1 25.5 30.6 5.9 0.5 2.8 14.4 350.0 
Lus 2014 6 21 172 13.1 27.7 28.8 6.3 0.0 2.7 14.0 350.0 
Lus 2014 6 22 173 14.8 29.0 26.5 5.9 10.5 2.1 15.8 350.0 
Lus 2014 6 23 174 16.4 19.1 7.5 1.6 3.0 1.5 19.0 350.0 
Lus 2014 6 24 175 12.7 24.6 30.3 5.8 0.0 2.5 15.4 350.0 
Lus 2014 6 25 176 13.8 26.0 24.9 5.1 0.0 1.9 15.8 350.0 
Lus 2014 6 26 177 13.9 24.4 25.2 5.1 0.0 2.4 15.9 350.0 
Lus 2014 6 27 178 12.6 23.1 18.9 4.0 2.0 2.5 15.4 350.0 
Lus 2014 6 28 179 14.0 18.6 8.2 1.8 19.5 1.9 16.7 350.0 
Lus 2014 6 29 180 12.1 21.7 24.0 4.7 0.0 2.9 14.2 350.0 
Lus 2014 6 30 181 11.3 20.4 18.8 3.4 0.0 1.9 15.0 350.0 
Lus 2014 7 1 182 14.0 23.5 17.3 3.6 0.0 1.3 16.2 350.0 
Lus 2014 7 2 183 13.9 27.0 27.8 5.5 0.0 1.9 17.0 350.0 
Lus 2014 7 3 184 14.0 29.6 25.9 5.4 1.5 1.5 18.0 350.0 
Lus 2014 7 4 185 17.5 25.9 18.9 4.8 15.0 3.5 18.6 350.0 
Lus 2014 7 5 186 16.8 22.8 16.0 3.9 6.0 4.8 19.2 350.0 
Lus 2014 7 6 187 15.7 21.1 11.2 2.9 19.5 2.5 16.6 350.0 
Lus 2014 7 7 188 10.7 21.8 23.0 4.2 0.0 1.7 13.3 350.0 
Lus 2014 7 8 189 12.7 21.0 18.3 3.6 2.5 2.1 15.1 350.0 
Lus 2014 7 9 190 11.7 20.3 17.9 3.6 0.0 2.5 14.0 350.0 
Lus 2014 7 10 191 11.5 22.5 14.8 3.3 0.0 2.3 14.3 350.0 
Lus 2014 7 11 192 11.7 20.9 16.0 3.0 0.0 1.8 15.6 350.0 
Lus 2014 7 12 193 12.9 20.3 9.8 2.0 0.5 1.7 16.9 350.0 
Lus 2014 7 13 194 15.5 18.4 6.2 1.1 7.5 3.3 19.3 350.0 
Lus 2014 7 14 195 12.5 23.0 26.4 4.8 0.0 1.8 15.5 350.0 
Lus 2014 7 15 196 10.8 26.6 29.0 5.0 0.0 1.0 17.5 350.0 
Lus 2014 7 16 197 15.0 29.3 28.8 5.8 0.0 1.6 19.8 350.0 
Lus 2014 7 17 198 16.7 33.0 27.9 6.3 0.0 1.8 20.9 350.0 
Lus 2014 7 18 199 17.6 29.5 17.4 4.1 6.0 2.0 22.7 350.0 
Lus 2014 7 19 200 18.6 25.4 16.2 3.6 2.5 2.0 21.9 350.0 
Lus 2014 7 20 201 16.7 24.1 20.6 4.3 7.0 2.6 19.2 350.0 
Lus 2014 7 21 202 14.9 24.0 22.7 4.4 0.0 1.7 17.7 350.0 
Lus 2014 7 22 203 15.0 26.3 22.0 4.6 0.0 2.1 18.5 350.0 
Lus 2014 7 23 204 16.5 28.2 24.6 5.2 0.0 2.3 21.5 350.0 
Lus 2014 7 24 205 18.1 30.7 24.6 5.5 0.0 1.3 19.4 350.0 
Lus 2014 7 25 206 15.9 29.0 23.8 5.3 0.0 2.3 18.8 350.0 
Lus 2014 7 26 207 16.0 27.9 25.0 5.2 0.0 1.7 17.7 350.0 
Lus 2014 7 27 208 16.2 28.5 22.9 4.9 7.0 1.4 18.2 350.0 
Lus 2014 7 28 209 15.9 23.0 17.9 3.9 0.0 1.9 15.8 350.0 
Lus 2014 7 29 210 13.1 22.7 13.6 3.0 0.0 2.3 16.1 350.0 
Lus 2014 7 30 211 14.5 26.3 27.1 5.3 0.0 1.6 15.6 350.0 
Lus 2014 7 31 212 14.4 27.9 24.0 4.8 0.0 1.2 17.1 350.0 
Lus 2014 8 1 213 15.5 25.1 24.1 5.0 0.0 2.5 17.2 350.0 
Lus 2014 8 2 214 12.7 21.9 15.5 2.8 7.5 2.6 18.5 350.0 
Lus 2014 8 3 215 13.1 24.8 20.3 3.9 13.0 1.6 16.5 350.0 
Lus 2014 8 4 216 12.1 23.7 26.1 4.5 0.0 1.4 14.9 350.0 
Lus 2014 8 5 217 11.0 25.1 25.4 4.4 0.5 1.1 15.4 350.0 
Lus 2014 8 6 218 14.7 24.4 14.7 3.1 34.0 2.9 19.5 350.0 
Lus 2014 8 7 219 17.7 25.0 22.0 4.4 0.0 2.3 20.7 350.0 
Lus 2014 8 8 220 16.6 25.0 12.7 3.0 18.0 3.0 21.0 350.0 
Lus 2014 8 9 221 13.9 22.6 16.7 3.0 0.0 1.4 18.4 350.0 
Lus 2014 8 10 222 17.2 24.8 15.6 3.7 3.0 3.5 20.0 350.0 
Lus 2014 8 11 223 12.0 21.9 16.7 3.2 0.5 2.5 15.6 350.0 
Lus 2014 8 12 224 13.9 21.0 14.1 2.8 23.5 2.4 16.6 350.0 
Lus 2014 8 13 225 11.6 20.0 20.2 3.5 4.0 3.1 15.3 350.0 
Lus 2014 8 14 226 12.8 20.3 17.5 3.2 6.0 2.9 15.9 350.0 
Lus 2014 8 15 227 11.9 20.9 22.3 3.8 0.0 2.1 14.8 350.0 
Lus 2014 8 16 228 10.3 22.6 21.5 3.5 0.0 0.9 14.2 350.0 
Lus 2014 8 17 229 10.5 20.9 20.9 3.5 0.0 2.0 13.9 350.0 
Lus 2014 8 18 230 10.8 20.0 11.5 2.1 0.5 1.7 15.1 350.0 
Lus 2014 8 19 231 9.3 20.4 17.1 2.8 0.0 1.1 12.8 350.0 
Lus 2014 8 20 232 10.0 20.6 15.7 2.9 0.0 1.5 12.8 350.0 
Lus 2014 8 21 233 7.2 21.4 18.7 2.9 0.0 0.7 11.9 350.0 
Lus 2014 8 22 234 9.2 20.8 20.5 3.3 0.0 1.7 12.8 350.0 
Lus 2014 8 23 235 13.3 19.9 13.0 2.7 2.0 1.6 14.0 350.0 
Lus 2014 8 24 236 7.7 21.2 16.4 2.6 0.0 0.8 13.2 350.0 
Lus 2014 8 25 237 12.2 24.0 17.9 3.4 9.0 3.1 17.5 350.0 
Lus 2014 8 26 238 17.0 22.2 15.3 3.4 0.5 3.8 18.8 350.0 
Lus 2014 8 27 239 14.7 23.5 16.6 3.2 1.0 2.0 18.1 350.0 
Lus 2014 8 28 240 17.1 22.8 13.9 2.9 0.0 2.3 19.5 350.0 
Lus 2014 8 29 241 15.5 23.4 16.9 3.2 0.0 1.3 16.6 350.0 
Lus 2014 8 30 242 9.9 22.7 19.0 2.9 0.0 1.2 15.7 350.0 
Lus 2014 8 31 243 11.0 23.2 19.0 3.1 0.0 1.2 14.9 350.0 
Lus 2014 9 1 244 10.9 23.4 22.5 3.6 0.5 1.4 14.3 350.0 
Lus 2014 9 2 245 10.0 24.3 22.6 3.9 0.0 2.7 14.2 350.0 
Lus 2014 9 3 246 11.8 24.7 22.4 4.3 0.0 3.5 15.0 350.0 
Lus 2014 9 4 247 12.7 26.7 21.0 3.9 0.0 2.1 16.6 350.0 
Lus 2014 9 5 248 14.2 25.0 16.0 3.0 0.0 1.1 16.1 350.0 
Lus 2014 9 6 249 10.4 25.5 18.1 2.9 0.0 0.6 15.9 350.0 
Lus 2014 9 7 250 12.6 28.0 20.6 3.7 0.0 1.6 16.9 350.0 
Lus 2014 9 8 251 14.7 25.1 13.4 2.6 0.5 1.9 19.6 350.0 
Lus 2014 9 9 252 17.0 27.7 13.7 2.9 0.0 1.2 20.5 350.0 
Lus 2014 9 10 253 13.7 23.7 20.2 3.7 0.0 2.1 13.7 350.0 
Lus 2014 9 11 254 11.0 22.7 20.6 3.7 0.0 3.2 13.6 350.0 
Lus 2014 9 12 255 9.7 22.8 20.6 3.5 0.0 2.8 12.8 350.0 
Lus 2014 9 13 256 10.3 23.5 17.6 3.1 0.0 2.9 15.0 350.0 
Lus 2014 9 14 257 13.3 23.5 14.0 2.7 0.0 2.6 16.9 350.0 
Lus 2014 9 15 258 11.3 27.0 18.6 3.0 0.0 0.8 15.9 350.0 
Lus 2014 9 16 259 11.7 26.8 15.1 2.7 0.0 1.6 17.8 350.0 
Lus 2014 9 17 260 14.6 28.8 16.2 3.3 16.0 1.9 18.4 350.0 
Lus 2014 9 18 261 16.6 26.2 13.6 2.9 0.5 2.2 19.8 350.0 
Lus 2014 9 19 262 14.9 26.9 15.3 2.8 0.0 1.4 19.7 350.0 
Lus 2014 9 20 263 15.8 26.9 14.1 2.9 2.5 1.9 18.6 350.0 
Lus 2014 9 21 264 11.8 22.1 7.4 1.3 0.0 1.4 17.7 350.0 
Lus 2014 9 22 265 10.9 18.7 18.2 2.9 0.5 4.1 13.1 350.0 
Lus 2014 9 23 266 7.9 18.3 15.1 2.4 0.0 3.3 11.4 350.0 
Lus 2014 9 24 267 8.9 19.3 15.9 2.3 0.0 1.7 11.7 350.0 
Lus 2014 9 25 268 9.2 19.9 16.0 2.1 0.0 1.0 12.5 350.0 
Lus 2014 9 26 269 5.9 21.4 17.4 2.1 0.0 1.3 12.0 350.0 
Lus 2014 9 27 270 9.4 24.4 17.2 2.6 0.0 1.9 13.7 350.0 
Lus 2014 9 28 271 10.0 24.8 12.4 2.2 2.0 1.9 15.5 350.0 
Lus 2014 9 29 272 15.7 22.5 9.0 1.6 1.0 1.2 19.0 350.0 
Lus 2014 9 30 273 11.7 24.4 12.9 1.9 0.5 0.8 16.9 350.0 
Lus 2014 10 1 274 10.4 23.3 13.2 1.8 0.0 0.6 15.8 350.0 
Lus 2014 10 2 275 10.0 23.6 15.6 2.1 0.0 1.1 14.5 350.0 
Lus 2014 10 3 276 9.5 23.9 15.5 2.0 0.0 0.8 14.5 350.0 
Lus 2014 10 4 277 9.2 23.1 11.7 1.9 9.5 2.4 14.8 350.0 
Lus 2014 10 5 278 8.3 15.8 15.9 2.0 0.0 2.7 10.5 350.0 
Lus 2014 10 6 279 6.0 14.8 4.3 0.3 22.0 3.5 13.7 350.0 
Lus 2014 10 7 280 13.0 16.7 5.1 1.0 12.0 3.7 15.9 350.0 
Lus 2014 10 8 281 12.6 22.3 6.3 1.4 18.5 3.5 17.8 350.0 
Lus 2014 10 9 282 13.5 19.1 7.0 1.3 0.5 2.7 16.3 350.0 
Lus 2014 10 10 283 10.9 17.5 6.3 0.8 1.0 1.2 15.9 350.0 
Lus 2014 10 11 284 12.1 19.2 10.6 1.4 0.5 1.4 14.6 350.0 
Lus 2014 10 12 285 13.2 22.5 8.1 2.1 0.5 3.9 15.7 350.0 
Lus 2014 10 13 286 13.0 19.4 11.2 1.6 0.0 2.1 14.8 350.0 
Lus 2014 10 14 287 11.0 22.3 13.5 1.6 0.0 0.8 14.4 350.0 
Lus 2014 10 15 288 12.3 18.5 5.1 0.9 0.5 2.5 16.3 350.0 
Lus 2014 10 16 289 13.9 18.2 3.7 0.7 14.5 1.9 17.3 350.0 
Lus 2014 10 17 290 12.9 21.4 10.1 1.3 0.0 2.1 17.4 350.0 
Lus 2014 10 18 291 16.0 25.1 12.6 2.4 0.0 3.1 17.9 350.0 
Lus 2014 10 19 292 15.2 24.1 11.8 1.9 0.0 2.4 18.5 350.0 
Lus 2014 10 20 293 12.7 19.8 6.6 0.9 0.0 0.7 16.8 350.0 
Lus 2014 10 21 294 12.2 17.9 6.4 1.3 0.5 2.7 14.2 350.0 
Lus 2014 10 22 295 6.0 15.4 10.2 0.9 0.0 1.1 10.0 350.0 
Lus 2014 10 23 296 2.8 15.3 8.6 0.6 0.0 0.6 10.4 350.0 
Lus 2014 10 24 297 6.1 17.9 10.4 0.8 0.0 0.5 11.7 350.0 
Lus 2014 10 25 298 7.7 17.2 3.6 0.3 0.5 0.4 15.4 350.0 
Lus 2014 10 26 299 12.6 19.3 9.1 0.9 0.0 0.4 14.9 350.0 
Lus 2014 10 27 300 5.5 18.9 10.6 0.7 0.5 0.5 12.3 350.0 
Lus 2014 10 28 301 4.1 19.7 11.1 0.7 0.0 0.8 12.4 350.0 
Lus 2014 10 29 302 6.9 20.5 10.2 0.8 0.0 1.1 13.5 350.0 
Lus 2014 10 30 303 8.5 21.0 8.8 0.9 0.0 1.0 13.0 350.0 
Lus 2014 10 31 304 8.7 24.1 10.2 1.2 0.0 1.4 13.2 350.0 
Lus 2014 11 1 305 9.9 19.9 9.3 0.8 0.5 1.8 15.2 350.0 
Lus 2014 11 2 306 12.1 17.3 4.0 0.6 4.5 3.4 15.9 350.0 
Lus 2014 11 3 307 12.2 14.6 3.2 0.8 21.5 5.0 14.2 350.0 
Lus 2014 11 4 308 8.0 14.2 7.1 0.6 0.5 1.4 11.4 350.0 
Lus 2014 11 5 309 2.9 12.6 7.9 0.3 0.0 1.0 9.7 350.0 
Lus 2014 11 6 310 1.3 13.1 8.7 0.2 1.0 2.1 10.1 350.0 
Lus 2014 11 7 311 8.3 15.3 7.5 1.0 3.0 4.7 11.7 350.0 
Lus 2014 11 8 312 8.2 13.0 4.4 0.5 4.0 4.0 12.0 350.0 
Lus 2014 11 9 313 8.2 13.8 5.4 0.5 0.0 1.8 11.4 350.0 
Lus 2014 11 10 314 3.5 11.8 4.8 0.2 0.0 2.4 10.3 350.0 
Lus 2014 11 11 315 5.4 12.7 3.1 0.5 2.0 3.5 10.8 350.0 
Lus 2014 11 12 316 8.4 14.9 7.7 0.6 1.0 3.8 12.0 350.0 
Lus 2014 11 13 317 7.1 15.4 6.0 0.6 1.0 3.0 11.6 350.0 
Lus 2014 11 14 318 9.5 11.9 2.6 0.4 4.0 2.6 12.4 350.0 
Lus 2014 11 15 319 7.1 12.2 4.8 0.3 4.0 3.4 11.5 350.0 
Lus 2014 11 16 320 8.4 11.9 4.1 0.5 0.5 3.6 11.4 350.0 
Lus 2014 11 17 321 7.6 11.0 3.8 0.3 3.5 2.3 11.2 350.0 
Lus 2014 11 18 322 8.1 12.5 3.6 0.4 0.0 2.2 11.6 350.0 
Lus 2014 11 19 323 5.6 14.8 7.1 0.1 0.0 1.2 11.4 350.0 
Lus 2014 11 20 324 6.5 14.3 6.4 0.2 0.0 1.5 10.9 350.0 
Lus 2014 11 21 325 4.1 17.8 6.8 0.0 0.5 1.1 12.5 350.0 
Lus 2014 11 22 326 7.9 17.2 4.0 0.3 0.0 1.6 13.8 350.0 
Lus 2014 11 23 327 8.4 19.4 4.4 0.3 0.0 0.7 14.6 350.0 
Lus 2014 11 24 328 10.7 13.7 2.2 0.2 0.5 1.9 14.2 350.0 
Lus 2014 11 25 329 11.2 13.8 1.8 0.2 1.0 1.1 14.4 350.0 
Lus 2014 11 26 330 10.0 14.5 4.3 0.2 0.0 1.5 13.5 350.0 
Lus 2014 11 27 331 7.9 12.8 3.8 0.2 0.5 1.5 11.7 350.0 
Lus 2014 11 28 332 7.7 17.9 5.0 0.5 0.0 2.1 12.1 350.0 
Lus 2014 11 29 333 10.5 16.4 3.2 0.8 0.0 2.5 12.5 350.0 
Lus 2014 11 30 334 4.8 6.6 2.8 0.0 0.0 4.0 9.2 350.0 
Lus 2014 12 1 335 3.8 8.6 1.0 0.1 0.0 3.7 9.1 350.0 
Lus 2014 12 2 336 2.7 6.2 1.0 0.0 0.0 2.4 8.4 350.0 
Lus 2014 12 3 337 1.9 4.0 1.3 0.0 1.5 2.7 7.6 350.0 
Lus 2014 12 4 338 2.4 4.1 1.4 0.0 0.5 1.3 7.7 350.0 
Lus 2014 12 5 339 2.9 5.1 1.0 0.0 2.0 1.2 8.2 350.0 
Lus 2014 12 6 340 2.3 7.0 5.7 0.0 0.0 3.1 7.6 350.0 
Lus 2014 12 7 341 -1.8 6.0 4.4 0.0 1.0 2.2 7.5 350.0 
Lus 2014 12 8 342 1.5 7.3 2.3 0.1 2.5 1.9 8.3 350.0 
Lus 2014 12 9 343 -1.1 8.0 5.9 0.0 0.0 1.5 7.3 350.0 
Lus 2014 12 10 344 2.1 11.5 2.1 0.1 3.0 3.2 9.9 350.0 
Lus 2014 12 11 345 6.6 10.7 3.0 0.2 1.0 3.0 10.6 350.0 
Lus 2014 12 12 346 7.7 10.9 2.2 0.3 2.0 5.5 11.1 350.0 
Lus 2014 12 13 347 6.4 10.4 2.1 0.5 2.5 3.7 9.8 350.0 
Lus 2014 12 14 348 3.1 5.3 1.5 0.2 0.5 2.1 7.8 350.0 
Lus 2014 12 15 349 -3.1 8.6 4.5 0.0 2.0 2.0 8.4 350.0 
Lus 2014 12 16 350 7.6 9.7 1.9 0.3 3.5 1.6 10.5 350.0 
Lus 2014 12 17 351 3.2 12.1 0.7 0.0 1.5 3.6 12.1 350.0 
Lus 2014 12 18 352 10.8 12.5 1.9 0.2 1.0 3.9 13.4 350.0 
Lus 2014 12 19 353 10.1 11.9 2.3 0.2 2.5 4.8 12.8 350.0 
Lus 2014 12 20 354 7.7 8.8 2.8 0.2 0.0 1.0 9.7 350.0 
Lus 2014 12 21 355 3.0 9.4 3.5 0.0 0.0 0.8 9.2 350.0 
Lus 2014 12 22 356 4.9 9.1 3.5 0.2 0.0 1.2 8.4 350.0 
Lus 2014 12 23 357 -1.7 6.5 2.2 0.0 0.0 1.7 7.4 350.0 
Lus 2014 12 24 358 3.6 8.2 1.1 0.0 2.0 3.6 9.7 350.0 
Lus 2014 12 25 359 4.0 9.4 3.6 0.0 0.0 1.2 9.4 350.0 
Lus 2014 12 26 360 -0.8 10.4 3.7 0.0 8.0 2.1 8.4 350.0 
Lus 2014 12 27 361 5.6 9.1 3.0 0.4 2.0 3.8 9.2 350.0 
Lus 2014 12 28 362 -1.3 1.6 1.3 0.3 0.0 4.5 5.7 350.0 
Lus 2014 12 29 363 -6.1 2.6 7.4 0.0 0.0 2.5 4.7 350.0 
Lus 2014 12 30 364 -1.3 2.2 1.8 0.1 0.0 1.5 6.4 350.0 
Lus 2014 12 31 365 -3.1 4.4 7.2 0.0 0.0 1.7 5.6 350.0 
