Lus 2015 1 1 1 -4.2 5.6 7.6 0.0 0.0 1.3 5.5 350.0 
Lus 2015 1 2 2 -0.8 6.5 1.9 0.3 1.5 2.7 7.1 350.0 
Lus 2015 1 3 3 4.1 12.2 1.4 0.0 3.5 4.0 11.9 350.0 
Lus 2015 1 4 4 8.7 11.3 2.2 0.1 0.0 1.1 12.0 350.0 
Lus 2015 1 5 5 2.3 4.7 2.4 0.0 0.0 2.2 7.9 350.0 
Lus 2015 1 6 6 0.3 5.1 1.5 0.0 2.5 2.0 7.8 350.0 
Lus 2015 1 7 7 4.6 9.1 2.0 0.1 3.5 1.7 10.1 350.0 
Lus 2015 1 8 8 5.9 11.4 2.0 0.3 3.0 3.6 10.8 350.0 
Lus 2015 1 9 9 5.4 12.8 1.6 0.0 3.0 5.1 12.9 350.0 
Lus 2015 1 10 10 10.8 12.1 2.0 0.2 9.5 5.3 13.4 350.0 
Lus 2015 1 11 11 4.0 9.5 6.7 0.0 0.0 2.4 8.8 350.0 
Lus 2015 1 12 12 1.5 8.6 7.1 0.0 0.0 4.0 7.8 350.0 
Lus 2015 1 13 13 4.5 10.7 2.4 0.3 13.0 4.5 10.1 350.0 
Lus 2015 1 14 14 5.7 10.8 5.0 0.1 2.5 4.0 10.4 350.0 
Lus 2015 1 15 15 7.1 9.5 1.5 0.5 9.0 4.8 10.0 350.0 
Lus 2015 1 16 16 2.7 7.8 3.9 0.0 1.0 1.8 8.7 350.0 
Lus 2015 1 17 17 -0.9 7.9 6.5 0.0 0.0 1.9 7.4 350.0 
Lus 2015 1 18 18 2.1 8.1 5.1 0.1 0.0 2.9 8.1 350.0 
Lus 2015 1 19 19 1.8 3.1 1.3 0.1 2.0 2.2 7.1 350.0 
Lus 2015 1 20 20 -2.8 2.8 4.2 0.0 0.0 0.8 5.9 350.0 
Lus 2015 1 21 21 -2.4 6.2 4.2 0.1 0.0 2.6 6.8 350.0 
Lus 2015 1 22 22 -2.1 2.3 2.0 0.1 0.0 2.3 6.1 350.0 
Lus 2015 1 23 23 -3.1 0.9 3.3 0.1 0.0 2.0 5.4 350.0 
Lus 2015 1 24 24 -3.8 6.9 4.6 0.2 0.5 2.3 6.4 350.0 
Lus 2015 1 25 25 -1.4 6.8 8.3 0.0 0.0 1.4 6.5 350.0 
Lus 2015 1 26 26 -1.7 8.0 2.4 0.0 0.0 2.7 8.6 350.0 
Lus 2015 1 27 27 2.8 7.8 5.2 0.2 0.0 1.8 8.2 350.0 
Lus 2015 1 28 28 3.6 10.2 2.9 0.2 1.0 3.7 9.9 350.0 
Lus 2015 1 29 29 5.6 9.2 1.3 0.3 11.5 4.1 9.6 350.0 
Lus 2015 1 30 30 0.2 8.7 6.8 0.3 0.0 3.4 7.5 350.0 
Lus 2015 1 31 31 0.2 7.6 7.7 0.2 1.0 2.6 7.3 350.0 
Lus 2015 2 1 32 0.7 5.8 5.8 0.4 0.0 2.6 6.6 350.0 
Lus 2015 2 2 33 -1.7 6.5 8.2 0.2 0.0 1.4 6.0 350.0 
Lus 2015 2 3 34 -1.8 4.5 7.2 0.3 0.0 2.1 5.6 350.0 
Lus 2015 2 4 35 -1.1 3.0 5.6 0.5 0.0 4.9 5.7 350.0 
Lus 2015 2 5 36 -1.1 3.6 7.3 0.7 0.0 4.6 5.4 350.0 
Lus 2015 2 6 37 -1.3 1.1 2.7 1.0 0.0 6.1 4.8 350.0 
Lus 2015 2 7 38 -2.7 2.8 9.7 0.7 0.0 4.5 4.6 350.0 
Lus 2015 2 8 39 -1.1 7.0 5.1 0.7 0.0 5.1 6.6 350.0 
Lus 2015 2 9 40 -0.8 8.0 10.6 0.7 0.0 3.3 6.2 350.0 
Lus 2015 2 10 41 -0.3 7.3 9.0 0.6 0.0 3.9 6.8 350.0 
Lus 2015 2 11 42 -3.1 11.5 11.5 0.4 0.0 0.9 6.5 350.0 
Lus 2015 2 12 43 -1.7 12.4 7.9 0.5 0.0 0.6 7.2 350.0 
Lus 2015 2 13 44 3.9 11.8 6.5 0.7 7.5 3.7 9.5 350.0 
Lus 2015 2 14 45 4.8 10.0 6.0 0.6 6.5 3.7 9.5 350.0 
Lus 2015 2 15 46 2.6 7.6 4.1 0.4 0.0 1.3 8.3 350.0 
Lus 2015 2 16 47 -1.2 8.6 7.4 0.3 0.5 1.4 8.1 350.0 
Lus 2015 2 17 48 4.0 8.1 5.8 0.7 0.0 3.8 8.3 350.0 
Lus 2015 2 18 49 2.9 8.0 7.6 0.8 0.0 2.5 7.6 350.0 
Lus 2015 2 19 50 -2.8 7.6 4.1 0.3 0.0 1.3 7.1 350.0 
Lus 2015 2 20 51 1.5 7.9 3.2 0.0 11.0 4.4 9.3 350.0 
Lus 2015 2 21 52 1.1 8.0 8.9 0.7 0.0 2.1 7.3 350.0 
Lus 2015 2 22 53 -3.3 10.3 12.5 0.7 4.5 2.4 7.1 350.0 
Lus 2015 2 23 54 5.7 11.3 7.9 0.9 5.5 4.4 10.0 350.0 
Lus 2015 2 24 55 1.5 10.6 11.6 1.0 0.5 2.9 7.6 350.0 
Lus 2015 2 25 56 2.4 11.5 3.5 0.3 4.0 1.9 10.3 350.0 
Lus 2015 2 26 57 8.5 11.3 3.5 0.6 4.0 2.7 11.7 350.0 
Lus 2015 2 27 58 3.1 9.4 11.8 1.3 0.0 2.7 6.8 350.0 
Lus 2015 2 28 59 -0.3 10.9 5.3 0.5 2.5 4.1 8.8 350.0 
Lus 2015 3 1 60 6.8 13.1 5.1 0.2 0.5 5.0 13.0 350.0 
Lus 2015 3 2 61 8.1 12.1 9.2 1.4 3.0 3.6 10.1 350.0 
Lus 2015 3 3 62 3.9 11.4 7.9 0.8 0.5 2.5 9.8 350.0 
Lus 2015 3 4 63 2.0 9.5 13.5 1.3 0.0 2.4 6.9 350.0 
Lus 2015 3 5 64 0.8 10.9 15.7 1.5 0.0 2.4 6.4 350.0 
Lus 2015 3 6 65 -1.6 12.8 16.0 1.4 0.0 1.8 6.4 350.0 
Lus 2015 3 7 66 -0.3 19.8 14.4 1.5 0.0 0.7 7.1 350.0 
Lus 2015 3 8 67 0.2 19.8 16.7 1.6 0.0 0.9 7.8 350.0 
Lus 2015 3 9 68 2.0 13.7 10.8 1.0 0.0 1.0 9.4 350.0 
Lus 2015 3 10 69 3.4 15.0 9.0 1.0 0.0 1.6 10.8 350.0 
Lus 2015 3 11 70 8.5 19.3 14.2 1.9 0.0 1.7 12.0 350.0 
Lus 2015 3 12 71 6.9 17.0 13.1 1.7 0.0 1.5 10.2 350.0 
Lus 2015 3 13 72 6.3 11.7 7.1 1.2 8.0 2.4 9.8 350.0 
Lus 2015 3 14 73 4.4 10.1 12.4 1.6 0.0 2.6 7.6 350.0 
Lus 2015 3 15 74 1.0 11.4 15.0 1.7 0.0 2.6 7.1 350.0 
Lus 2015 3 16 75 -0.1 12.0 8.9 1.0 0.0 1.6 8.3 350.0 
Lus 2015 3 17 76 0.9 16.0 17.6 1.8 0.0 1.3 8.2 350.0 
Lus 2015 3 18 77 4.0 16.6 11.9 1.7 0.0 2.2 9.8 350.0 
Lus 2015 3 19 78 5.3 9.4 8.9 1.4 0.0 4.3 8.9 350.0 
Lus 2015 3 20 79 4.9 9.1 2.2 0.4 4.0 3.8 9.5 350.0 
Lus 2015 3 21 80 4.6 9.1 4.9 0.8 0.0 3.4 9.3 350.0 
Lus 2015 3 22 81 4.9 8.7 5.5 1.6 0.0 4.4 7.6 350.0 
Lus 2015 3 23 82 -0.3 14.9 13.3 1.7 0.0 2.2 8.1 350.0 
Lus 2015 3 24 83 3.6 6.2 3.1 0.5 6.5 2.6 8.1 350.0 
Lus 2015 3 25 84 1.1 10.1 16.2 1.7 0.0 1.8 6.9 350.0 
Lus 2015 3 26 85 -0.7 9.8 6.1 0.5 1.0 2.8 9.2 350.0 
Lus 2015 3 27 86 0.1 11.5 12.6 1.1 5.0 2.2 9.2 350.0 
Lus 2015 3 28 87 7.6 12.2 6.3 0.6 1.0 4.5 12.7 350.0 
Lus 2015 3 29 88 9.7 11.4 3.9 0.5 3.0 6.3 12.7 350.0 
Lus 2015 3 30 89 10.3 14.6 8.2 1.5 1.5 5.2 13.4 350.0 
Lus 2015 3 31 90 9.6 15.2 12.9 2.7 0.0 5.1 11.2 350.0 
Lus 2015 4 1 91 2.6 12.6 17.5 2.2 0.0 2.3 7.8 350.0 
Lus 2015 4 2 92 4.3 12.5 7.7 1.0 0.0 3.5 10.7 350.0 
Lus 2015 4 3 93 6.9 11.3 6.8 1.1 0.5 3.1 11.0 350.0 
Lus 2015 4 4 94 6.2 12.4 6.7 1.1 1.0 2.4 10.9 350.0 
Lus 2015 4 5 95 2.0 11.2 21.8 3.0 0.0 4.2 6.6 350.0 
Lus 2015 4 6 96 1.7 14.1 23.3 3.7 0.0 4.2 5.9 350.0 
Lus 2015 4 7 97 4.0 16.1 23.9 4.3 0.0 4.3 5.8 350.0 
Lus 2015 4 8 98 2.4 18.7 23.8 3.7 0.0 2.4 5.9 350.0 
Lus 2015 4 9 99 3.0 22.6 23.2 3.2 0.0 0.8 7.6 350.0 
Lus 2015 4 10 100 5.5 18.5 15.8 2.8 0.5 2.8 10.1 350.0 
Lus 2015 4 11 101 9.9 15.8 10.7 2.2 0.0 2.8 11.4 350.0 
Lus 2015 4 12 102 2.2 20.9 23.6 2.9 0.0 0.5 9.9 350.0 
Lus 2015 4 13 103 5.7 22.3 24.1 3.6 0.0 1.7 10.9 350.0 
Lus 2015 4 14 104 6.3 26.7 24.0 3.8 0.0 1.0 11.0 350.0 
Lus 2015 4 15 105 8.6 27.6 22.4 3.9 0.0 1.1 11.0 350.0 
Lus 2015 4 16 106 9.6 17.1 5.8 1.9 6.5 2.4 11.4 350.0 
Lus 2015 4 17 107 11.0 14.3 5.7 1.1 0.0 2.0 13.6 350.0 
Lus 2015 4 18 108 9.4 16.8 10.6 2.3 0.0 3.3 12.1 350.0 
Lus 2015 4 19 109 6.6 16.8 24.8 4.0 0.0 3.1 8.6 350.0 
Lus 2015 4 20 110 10.0 19.8 17.8 2.9 0.0 0.8 12.3 350.0 
Lus 2015 4 21 111 7.3 21.8 25.6 4.5 0.0 2.7 9.1 350.0 
Lus 2015 4 22 112 7.5 24.3 23.8 4.1 0.0 1.7 11.1 350.0 
Lus 2015 4 23 113 8.7 19.7 21.8 3.6 0.0 2.7 12.7 350.0 
Lus 2015 4 24 114 10.2 19.9 16.4 2.8 1.5 1.3 13.0 350.0 
Lus 2015 4 25 115 11.3 20.0 19.0 3.4 1.5 2.0 13.3 350.0 
Lus 2015 4 26 116 7.7 18.2 10.8 1.7 7.0 2.0 14.4 350.0 
Lus 2015 4 27 117 9.3 14.8 13.6 2.9 0.0 3.5 10.4 350.0 
Lus 2015 4 28 118 3.8 14.2 17.0 2.6 0.0 1.2 7.7 350.0 
Lus 2015 4 29 119 2.9 16.3 25.7 3.4 0.0 1.6 8.6 350.0 
Lus 2015 4 30 120 5.6 14.8 11.7 1.8 27.5 3.6 11.9 350.0 
Lus 2015 5 1 121 12.4 15.2 6.0 1.0 6.0 4.8 15.7 350.0 
Lus 2015 5 2 122 11.2 15.8 4.8 0.8 21.0 3.1 15.3 350.0 
Lus 2015 5 3 123 13.4 18.4 11.2 2.2 3.5 3.2 16.4 350.0 
Lus 2015 5 4 124 11.7 22.8 9.6 2.0 9.0 2.6 17.9 350.0 
Lus 2015 5 5 125 11.9 16.6 19.9 4.0 1.0 4.6 12.3 350.0 
Lus 2015 5 6 126 8.1 16.4 22.3 3.9 0.0 3.7 10.3 350.0 
Lus 2015 5 7 127 3.9 18.6 21.8 3.1 4.0 1.3 10.8 350.0 
Lus 2015 5 8 128 8.9 17.4 9.1 1.6 3.5 2.4 14.4 350.0 
Lus 2015 5 9 129 12.7 19.0 24.5 4.4 0.0 2.7 13.4 350.0 
Lus 2015 5 10 130 6.0 23.8 27.4 4.2 0.0 1.2 13.6 350.0 
Lus 2015 5 11 131 11.0 27.6 25.7 4.8 0.0 1.7 16.4 350.0 
Lus 2015 5 12 132 12.0 23.5 24.2 4.2 0.0 1.5 16.5 350.0 
Lus 2015 5 13 133 12.2 24.6 27.1 5.2 0.0 3.4 16.1 350.0 
Lus 2015 5 14 134 11.1 17.1 17.7 3.5 3.0 3.3 12.4 350.0 
Lus 2015 5 15 135 7.5 16.7 18.6 3.1 0.0 2.2 10.8 350.0 
Lus 2015 5 16 136 7.7 16.2 13.1 1.9 0.0 1.9 13.9 350.0 
Lus 2015 5 17 137 8.3 21.0 28.8 4.5 0.0 1.3 12.0 350.0 
Lus 2015 5 18 138 6.5 19.6 28.9 4.4 0.0 2.4 12.0 350.0 
Lus 2015 5 19 139 5.5 15.7 20.1 3.2 1.0 2.8 10.0 350.0 
Lus 2015 5 20 140 4.0 15.1 22.2 3.2 1.0 2.0 9.1 350.0 
Lus 2015 5 21 141 4.9 16.7 22.0 3.5 0.0 1.7 8.8 350.0 
Lus 2015 5 22 142 7.0 19.4 27.3 4.4 0.0 2.0 10.6 350.0 
Lus 2015 5 23 143 9.7 20.7 20.3 3.7 0.0 2.4 13.4 350.0 
Lus 2015 5 24 144 11.9 21.1 19.8 3.8 0.0 2.0 14.2 350.0 
Lus 2015 5 25 145 11.0 21.8 22.2 4.2 0.0 2.0 13.2 350.0 
Lus 2015 5 26 146 10.6 19.2 17.4 3.6 0.0 2.3 11.6 350.0 
Lus 2015 5 27 147 9.4 22.4 29.4 4.9 0.0 1.2 11.7 350.0 
Lus 2015 5 28 148 8.3 21.2 29.8 4.7 0.0 1.4 13.0 350.0 
Lus 2015 5 29 149 9.5 19.8 25.5 4.4 0.0 2.5 12.4 350.0 
Lus 2015 5 30 150 11.2 18.8 12.6 2.5 4.5 1.7 14.1 350.0 
Lus 2015 5 31 151 12.0 19.6 11.6 2.5 2.5 3.5 15.8 350.0 
Lus 2015 6 1 152 9.7 18.8 19.6 3.5 0.0 2.1 12.9 350.0 
Lus 2015 6 2 153 10.0 21.8 30.0 5.3 0.0 3.5 14.0 350.0 
Lus 2015 6 3 154 11.6 22.5 17.2 3.3 0.0 1.4 15.8 350.0 
Lus 2015 6 4 155 13.8 33.8 29.1 6.1 0.0 1.2 19.3 350.0 
Lus 2015 6 5 156 17.4 29.9 28.8 6.7 0.0 2.7 18.5 350.0 
Lus 2015 6 6 157 13.2 23.2 21.1 4.6 0.0 3.0 14.9 350.0 
Lus 2015 6 7 158 11.1 23.9 26.3 6.2 0.0 4.3 11.4 350.0 
Lus 2015 6 8 159 12.5 24.0 30.1 7.2 0.0 5.1 11.3 350.0 
Lus 2015 6 9 160 9.5 23.1 28.0 6.4 7.0 5.4 11.4 350.0 
Lus 2015 6 10 161 11.7 19.7 8.7 2.0 11.0 3.4 16.1 350.0 
Lus 2015 6 11 162 14.1 26.1 21.1 4.1 29.0 1.0 19.4 350.0 
Lus 2015 6 12 163 15.9 21.9 15.8 3.3 4.5 1.7 18.0 350.0 
Lus 2015 6 13 164 13.0 23.5 16.0 3.3 13.0 1.6 17.1 350.0 
Lus 2015 6 14 165 15.2 18.9 7.2 1.5 16.5 0.9 17.8 350.0 
Lus 2015 6 15 166 14.2 17.3 7.2 1.4 0.0 1.8 17.5 350.0 
Lus 2015 6 16 167 15.0 22.1 22.0 4.7 0.0 2.6 15.3 350.0 
Lus 2015 6 17 168 10.4 23.3 30.5 5.5 0.0 2.4 13.5 350.0 
Lus 2015 6 18 169 13.2 24.3 15.6 3.2 0.0 1.5 17.8 350.0 
Lus 2015 6 19 170 11.3 22.8 29.1 5.2 0.0 2.2 14.4 350.0 
Lus 2015 6 20 171 11.6 25.0 30.2 5.4 0.0 1.3 14.6 350.0 
Lus 2015 6 21 172 13.2 26.0 26.0 5.0 0.0 1.3 16.4 350.0 
Lus 2015 6 22 173 10.6 26.0 27.9 5.3 0.0 1.6 13.7 350.0 
Lus 2015 6 23 174 12.1 22.0 29.0 5.6 0.0 2.6 12.4 350.0 
Lus 2015 6 24 175 9.4 24.8 31.3 5.4 0.0 1.3 12.7 350.0 
Lus 2015 6 25 176 10.4 28.3 28.6 5.2 0.0 0.7 14.2 350.0 
Lus 2015 6 26 177 12.6 31.1 28.2 6.0 0.0 1.7 14.5 350.0 
Lus 2015 6 27 178 15.6 27.0 26.8 5.5 0.0 1.4 16.4 350.0 
Lus 2015 6 28 179 12.2 27.8 29.2 5.7 0.0 1.9 16.3 350.0 
Lus 2015 6 29 180 12.9 29.5 30.2 6.0 0.0 1.4 15.8 350.0 
Lus 2015 6 30 181 17.1 36.2 30.1 7.2 0.0 1.8 18.2 350.0 
Lus 2015 7 1 182 21.0 32.3 26.3 7.2 0.0 3.1 19.7 350.0 
Lus 2015 7 2 183 18.9 28.4 24.3 5.7 0.0 2.8 21.1 350.0 
Lus 2015 7 3 184 16.6 33.4 21.5 5.3 1.0 1.8 21.3 350.0 
Lus 2015 7 4 185 19.2 30.7 27.8 6.3 0.5 1.6 18.9 350.0 
Lus 2015 7 5 186 16.6 27.5 20.2 4.8 0.0 2.0 17.1 350.0 
Lus 2015 7 6 187 12.5 31.0 29.4 5.8 0.0 1.2 16.3 350.0 
Lus 2015 7 7 188 17.1 26.6 21.6 5.4 0.0 3.1 16.8 350.0 
Lus 2015 7 8 189 12.3 22.5 17.4 3.9 0.0 2.4 13.5 350.0 
Lus 2015 7 9 190 11.3 25.4 29.4 5.6 0.0 1.9 12.4 350.0 
Lus 2015 7 10 191 13.5 32.6 30.2 7.3 0.0 2.8 11.4 350.0 
Lus 2015 7 11 192 15.5 25.9 25.7 5.8 0.0 3.1 15.9 350.0 
Lus 2015 7 12 193 10.7 25.8 26.2 5.0 0.0 1.9 14.3 350.0 
Lus 2015 7 13 194 12.3 26.3 27.5 5.4 0.0 2.2 15.6 350.0 
Lus 2015 7 14 195 13.5 26.9 19.7 4.2 0.0 1.7 17.1 350.0 
Lus 2015 7 15 196 14.6 32.0 28.4 6.0 0.0 1.3 17.3 350.0 
Lus 2015 7 16 197 16.8 35.9 25.6 7.4 0.0 3.6 17.6 350.0 
Lus 2015 7 17 198 18.4 29.3 26.3 5.8 0.5 1.7 18.7 350.0 
Lus 2015 7 18 199 16.4 27.1 14.6 3.4 2.5 2.1 21.4 350.0 
Lus 2015 7 19 200 17.5 26.3 16.9 4.5 0.0 3.4 19.1 350.0 
Lus 2015 7 20 201 16.3 26.3 15.4 3.6 0.0 2.9 20.9 350.0 
Lus 2015 7 21 202 16.6 29.0 22.7 4.9 0.0 1.9 21.1 350.0 
Lus 2015 7 22 203 17.9 27.6 20.5 5.0 0.0 2.0 16.8 350.0 
Lus 2015 7 23 204 11.9 27.6 27.5 5.1 0.0 1.1 14.1 350.0 
Lus 2015 7 24 205 14.8 25.7 15.1 4.1 1.0 3.5 16.6 350.0 
Lus 2015 7 25 206 13.1 23.8 23.0 4.9 0.0 2.2 12.2 350.0 
Lus 2015 7 26 207 11.8 21.8 8.9 2.6 2.0 3.2 15.0 350.0 
Lus 2015 7 27 208 15.3 22.7 17.0 4.4 0.5 4.3 15.7 350.0 
Lus 2015 7 28 209 12.5 21.7 14.1 3.1 11.0 2.2 15.0 350.0 
Lus 2015 7 29 210 12.3 21.9 25.2 4.9 0.0 2.4 12.2 350.0 
Lus 2015 7 30 211 9.1 22.5 26.9 5.0 0.0 2.5 10.6 350.0 
Lus 2015 7 31 212 10.1 22.1 14.5 3.9 0.0 2.8 10.3 350.0 
Lus 2015 8 1 213 15.9 26.0 24.6 5.5 0.0 2.0 10.3 350.0 
Lus 2015 8 2 214 9.7 31.3 27.5 5.6 0.0 1.8 12.1 350.0 
Lus 2015 8 3 215 13.3 33.9 26.3 5.8 4.5 1.7 15.7 350.0 
Lus 2015 8 4 216 16.3 24.4 27.0 5.3 0.0 1.9 15.0 350.0 
Lus 2015 8 5 217 11.5 31.9 26.4 5.4 0.0 1.9 16.9 350.0 
Lus 2015 8 6 218 16.2 30.9 25.8 5.6 0.0 1.6 17.5 350.0 
Lus 2015 8 7 219 17.0 27.8 16.4 4.5 0.0 2.6 16.3 350.0 
Lus 2015 8 8 220 16.0 19.5 4.6 1.4 18.0 1.6 16.2 350.0 
Lus 2015 8 9 221 15.2 22.0 7.9 1.9 2.5 1.6 18.6 350.0 
Lus 2015 8 10 222 13.4 28.3 24.8 4.7 0.0 1.1 16.9 350.0 
Lus 2015 8 11 223 17.0 28.7 15.0 4.0 0.0 2.2 18.1 350.0 
Lus 2015 8 12 224 17.8 32.4 20.1 4.5 4.5 1.1 22.3 350.0 
Lus 2015 8 13 225 18.1 23.2 7.8 2.1 3.5 2.3 20.8 350.0 
Lus 2015 8 14 226 15.3 19.3 5.8 1.4 6.5 3.6 18.3 350.0 
Lus 2015 8 15 227 13.3 20.6 24.2 4.3 0.0 2.0 13.1 350.0 
Lus 2015 8 16 228 9.1 21.6 17.4 3.1 0.5 1.3 12.5 350.0 
Lus 2015 8 17 229 13.8 21.1 13.9 2.9 0.0 1.4 13.9 350.0 
Lus 2015 8 18 230 10.7 23.4 17.7 3.2 0.0 1.1 14.1 350.0 
Lus 2015 8 19 231 11.0 24.4 23.5 4.2 0.0 1.8 14.0 350.0 
Lus 2015 8 20 232 10.9 27.4 24.3 4.1 0.0 0.6 15.4 350.0 
Lus 2015 8 21 233 13.3 31.1 24.2 4.6 0.0 0.9 16.8 350.0 
Lus 2015 8 22 234 14.7 31.5 22.9 4.9 12.5 1.9 18.0 350.0 
Lus 2015 8 23 235 15.1 21.5 14.4 3.0 9.5 2.7 17.3 350.0 
Lus 2015 8 24 236 13.8 19.4 16.6 3.9 1.0 6.2 14.8 350.0 
Lus 2015 8 25 237 11.4 22.7 13.8 3.0 0.0 3.6 15.8 350.0 
Lus 2015 8 26 238 13.1 27.4 20.3 4.3 0.5 3.3 17.4 350.0 
Lus 2015 8 27 239 14.1 22.5 7.4 1.6 2.5 1.3 18.9 350.0 
Lus 2015 8 28 240 16.0 24.1 15.0 2.8 0.0 1.8 21.0 350.0 
Lus 2015 8 29 241 15.8 31.9 21.9 4.6 0.0 1.8 22.5 350.0 
Lus 2015 8 30 242 18.9 32.5 18.9 5.0 0.0 2.3 18.8 350.0 
Lus 2015 8 31 243 20.0 28.8 17.0 4.7 31.0 3.4 19.9 350.0 
Lus 2015 9 1 244 15.6 21.6 16.7 3.3 0.0 2.1 15.6 350.0 
Lus 2015 9 2 245 12.5 21.3 17.7 3.2 0.0 1.8 13.5 350.0 
Lus 2015 9 3 246 10.0 19.7 21.4 3.3 0.0 1.8 11.8 350.0 
Lus 2015 9 4 247 7.5 18.3 11.3 1.9 0.0 1.1 12.0 350.0 
Lus 2015 9 5 248 9.1 18.9 15.6 2.5 0.0 1.2 11.8 350.0 
Lus 2015 9 6 249 8.6 19.8 19.3 3.1 0.0 2.3 11.9 350.0 
Lus 2015 9 7 250 7.8 20.0 21.8 3.7 0.0 3.6 10.9 350.0 
Lus 2015 9 8 251 9.2 22.1 21.7 3.9 0.0 3.7 12.3 350.0 
Lus 2015 9 9 252 7.7 25.6 20.6 3.1 0.0 1.1 13.1 350.0 
Lus 2015 9 10 253 10.1 26.1 20.7 3.3 0.0 1.0 13.9 350.0 
Lus 2015 9 11 254 12.2 24.5 14.1 2.6 8.5 1.4 16.3 350.0 
Lus 2015 9 12 255 14.8 21.0 11.4 2.2 9.0 2.2 17.5 350.0 
Lus 2015 9 13 256 10.8 18.9 7.3 1.4 6.0 2.7 15.7 350.0 
Lus 2015 9 14 257 13.2 17.2 14.9 2.8 9.5 4.7 14.2 350.0 
Lus 2015 9 15 258 11.8 18.4 8.4 1.7 6.0 4.0 15.5 350.0 
Lus 2015 9 16 259 13.7 19.2 3.3 1.3 26.0 5.1 16.4 350.0 
Lus 2015 9 17 260 13.3 19.3 13.8 2.7 0.0 3.7 14.4 350.0 
Lus 2015 9 18 261 11.1 18.3 14.8 2.2 6.0 3.6 15.2 350.0 
Lus 2015 9 19 262 12.4 18.6 10.9 1.9 0.0 1.3 14.0 350.0 
Lus 2015 9 20 263 7.5 20.4 15.5 2.0 0.0 0.7 13.1 350.0 
Lus 2015 9 21 264 6.7 20.1 15.7 2.0 0.5 1.5 13.5 350.0 
Lus 2015 9 22 265 12.6 16.7 9.5 1.9 3.5 3.3 13.8 350.0 
Lus 2015 9 23 266 6.6 17.9 15.6 2.0 0.0 1.5 11.2 350.0 
Lus 2015 9 24 267 6.1 16.1 8.7 0.9 0.0 1.6 13.8 350.0 
Lus 2015 9 25 268 11.1 17.8 14.8 1.8 0.0 1.1 14.4 350.0 
Lus 2015 9 26 269 8.5 18.4 16.8 2.4 0.5 3.0 11.9 350.0 
Lus 2015 9 27 270 7.6 19.0 17.6 2.4 0.0 3.3 12.4 350.0 
Lus 2015 9 28 271 9.2 19.4 18.2 3.4 0.0 4.5 10.5 350.0 
Lus 2015 9 29 272 7.6 18.2 17.4 2.9 0.0 4.3 10.1 350.0 
Lus 2015 9 30 273 7.2 20.2 16.9 2.5 0.0 2.9 10.9 350.0 
Lus 2015 10 1 274 6.3 16.5 17.1 2.3 0.0 2.8 9.4 350.0 
Lus 2015 10 2 275 4.0 20.2 15.3 1.8 3.5 1.6 11.1 350.0 
Lus 2015 10 3 276 6.5 13.7 5.0 0.6 0.5 1.7 12.5 350.0 
Lus 2015 10 4 277 7.2 15.1 5.3 0.7 3.0 2.5 13.0 350.0 
Lus 2015 10 5 278 12.4 21.1 4.8 1.0 11.5 3.2 18.3 350.0 
Lus 2015 10 6 279 14.7 18.8 8.9 1.8 1.0 5.3 16.8 350.0 
Lus 2015 10 7 280 10.9 17.3 8.6 1.4 1.0 2.4 13.9 350.0 
Lus 2015 10 8 281 8.8 17.1 13.8 1.5 0.0 1.1 11.8 350.0 
Lus 2015 10 9 282 4.3 16.4 15.3 1.4 0.0 2.5 10.7 350.0 
Lus 2015 10 10 283 6.2 19.0 14.4 1.6 0.0 2.8 12.3 350.0 
Lus 2015 10 11 284 9.0 16.4 13.5 1.6 0.0 3.6 12.4 350.0 
Lus 2015 10 12 285 8.7 16.4 9.5 1.5 0.0 3.7 12.2 350.0 
Lus 2015 10 13 286 7.7 14.1 12.4 1.7 0.5 3.3 9.9 350.0 
Lus 2015 10 14 287 1.6 10.6 10.5 0.9 0.0 2.5 8.3 350.0 
Lus 2015 10 15 288 5.0 10.6 8.9 1.1 0.0 2.0 8.4 350.0 
Lus 2015 10 16 289 -1.0 10.2 6.2 0.4 0.0 1.3 8.7 350.0 
Lus 2015 10 17 290 7.0 11.3 6.8 0.8 0.0 2.2 10.2 350.0 
Lus 2015 10 18 291 5.3 14.8 11.4 1.3 0.0 3.4 10.0 350.0 
Lus 2015 10 19 292 5.4 14.2 13.1 1.6 0.5 4.8 9.5 350.0 
Lus 2015 10 20 293 7.4 15.1 10.4 1.3 0.0 4.0 11.3 350.0 
Lus 2015 10 21 294 8.8 14.6 9.1 1.0 0.5 1.5 11.3 350.0 
Lus 2015 10 22 295 9.3 13.5 3.5 0.5 1.0 1.6 12.9 350.0 
Lus 2015 10 23 296 10.6 15.5 6.1 0.9 0.5 1.2 12.6 350.0 
Lus 2015 10 24 297 6.4 16.6 6.2 0.6 0.0 1.7 13.2 350.0 
Lus 2015 10 25 298 9.1 15.1 4.6 0.6 0.0 1.8 13.1 350.0 
Lus 2015 10 26 299 5.4 19.6 10.6 0.9 0.5 2.2 12.7 350.0 
Lus 2015 10 27 300 12.8 19.2 4.6 1.3 10.5 2.9 14.7 350.0 
Lus 2015 10 28 301 9.3 15.8 7.8 0.9 0.5 2.3 12.6 350.0 
Lus 2015 10 29 302 8.9 17.2 9.2 1.0 0.0 2.7 12.7 350.0 
Lus 2015 10 30 303 7.5 20.4 10.4 1.0 0.0 1.2 11.7 350.0 
Lus 2015 10 31 304 6.2 21.8 10.9 1.0 0.0 1.4 11.7 350.0 
Lus 2015 11 1 305 5.7 21.4 11.2 1.0 0.5 1.5 10.7 350.0 
Lus 2015 11 2 306 3.9 19.2 9.9 0.9 1.0 2.3 10.3 350.0 
Lus 2015 11 3 307 11.1 19.2 6.8 1.0 2.0 3.0 14.4 350.0 
Lus 2015 11 4 308 13.2 17.2 5.0 0.8 0.5 2.6 15.2 350.0 
Lus 2015 11 5 309 10.7 17.5 5.3 0.6 1.0 3.7 15.2 350.0 
Lus 2015 11 6 310 14.4 19.1 3.7 0.5 0.0 2.0 18.7 350.0 
Lus 2015 11 7 311 12.4 21.7 8.7 0.8 0.5 1.6 16.9 350.0 
Lus 2015 11 8 312 11.4 22.3 9.3 0.9 0.5 2.5 16.1 350.0 
Lus 2015 11 9 313 13.0 17.0 3.7 0.6 0.0 2.6 15.7 350.0 
Lus 2015 11 10 314 9.0 17.6 5.8 0.3 0.0 0.8 14.5 350.0 
Lus 2015 11 11 315 10.7 17.1 6.4 0.4 0.0 0.6 14.3 350.0 
Lus 2015 11 12 316 9.2 19.6 8.9 0.4 0.0 0.3 12.9 350.0 
Lus 2015 11 13 317 7.3 14.9 4.1 0.4 0.5 2.1 12.5 350.0 
Lus 2015 11 14 318 2.6 13.8 7.3 0.1 0.0 1.2 10.0 350.0 
Lus 2015 11 15 319 5.5 12.3 3.9 0.2 0.0 2.0 11.2 350.0 
Lus 2015 11 16 320 6.3 15.9 4.2 0.0 0.5 3.4 13.9 350.0 
Lus 2015 11 17 321 11.6 15.2 1.7 0.1 7.5 5.1 15.6 350.0 
Lus 2015 11 18 322 12.3 15.7 3.2 0.2 5.0 3.5 15.9 350.0 
Lus 2015 11 19 323 13.4 16.1 2.2 0.2 6.5 4.7 16.9 350.0 
Lus 2015 11 20 324 9.2 14.8 3.0 0.3 27.5 6.1 14.0 350.0 
Lus 2015 11 21 325 0.3 6.8 5.9 0.3 0.0 2.5 6.5 350.0 
Lus 2015 11 22 326 -1.7 7.4 6.9 0.0 2.0 1.2 6.4 350.0 
Lus 2015 11 23 327 -0.7 7.1 8.2 0.0 0.0 0.5 6.9 350.0 
Lus 2015 11 24 328 -3.0 8.4 2.4 0.1 1.0 3.2 7.6 350.0 
Lus 2015 11 25 329 5.0 11.0 2.3 0.0 3.0 2.4 11.4 350.0 
Lus 2015 11 26 330 7.7 10.0 3.4 0.2 1.0 1.6 10.5 350.0 
Lus 2015 11 27 331 0.8 10.3 6.8 0.0 3.0 1.6 9.2 350.0 
Lus 2015 11 28 332 3.7 10.3 6.8 0.1 4.5 2.7 8.7 350.0 
Lus 2015 11 29 333 6.1 13.2 3.3 0.0 1.5 4.2 12.3 350.0 
Lus 2015 11 30 334 10.2 12.9 2.7 0.4 1.0 3.4 12.8 350.0 
Lus 2015 12 1 335 9.4 12.7 2.1 0.5 0.0 1.0 11.2 350.0 
Lus 2015 12 2 336 0.9 12.0 6.3 0.0 0.0 0.3 8.2 350.0 
Lus 2015 12 3 337 -0.4 9.2 5.1 0.0 0.0 2.1 8.4 350.0 
Lus 2015 12 4 338 4.2 12.2 5.3 0.1 0.0 2.0 9.4 350.0 
Lus 2015 12 5 339 -2.0 10.5 7.1 0.0 0.0 2.0 8.6 350.0 
Lus 2015 12 6 340 7.0 13.3 3.3 0.4 0.0 3.8 11.1 350.0 
Lus 2015 12 7 341 4.5 15.8 6.5 0.0 0.0 2.1 10.8 350.0 
Lus 2015 12 8 342 7.8 11.7 2.2 0.3 1.0 2.9 11.3 350.0 
Lus 2015 12 9 343 0.4 11.2 6.5 0.0 0.0 0.7 8.2 350.0 
Lus 2015 12 10 344 -3.3 7.6 5.4 0.0 0.5 0.6 7.0 350.0 
Lus 2015 12 11 345 1.6 12.1 3.7 0.0 0.0 3.0 11.0 350.0 
Lus 2015 12 12 346 4.2 13.0 6.6 0.0 0.0 1.3 10.0 350.0 
Lus 2015 12 13 347 0.0 8.8 4.0 0.0 0.0 1.0 8.4 350.0 
Lus 2015 12 14 348 2.2 12.8 5.8 0.0 0.5 3.3 9.6 350.0 
Lus 2015 12 15 349 9.7 12.5 1.9 0.7 1.5 4.1 11.6 350.0 
Lus 2015 12 16 350 9.0 14.0 2.8 0.3 0.0 2.7 12.6 350.0 
Lus 2015 12 17 351 6.8 15.3 4.4 0.1 0.0 2.7 11.9 350.0 
Lus 2015 12 18 352 10.3 15.2 4.0 0.4 0.0 2.4 12.4 350.0 
Lus 2015 12 19 353 6.7 16.1 5.5 0.2 0.0 3.1 11.4 350.0 
Lus 2015 12 20 354 8.9 14.1 4.0 0.3 0.0 3.4 12.1 350.0 
Lus 2015 12 21 355 7.9 13.4 4.7 0.2 0.0 3.6 11.3 350.0 
Lus 2015 12 22 356 6.5 11.0 4.4 0.0 0.0 4.2 10.9 350.0 
Lus 2015 12 23 357 8.2 10.2 2.1 0.1 1.0 2.5 11.5 350.0 
Lus 2015 12 24 358 7.1 11.8 2.3 0.2 0.5 4.3 11.4 350.0 
Lus 2015 12 25 359 8.3 14.2 5.4 0.1 0.0 3.3 11.8 350.0 
Lus 2015 12 26 360 6.1 14.1 5.9 0.0 0.0 3.3 11.4 350.0 
Lus 2015 12 27 361 7.3 13.7 5.2 0.2 0.0 2.7 10.6 350.0 
Lus 2015 12 28 362 4.9 14.3 2.9 0.5 4.0 4.2 10.4 350.0 
Lus 2015 12 29 363 6.8 12.6 5.2 0.0 0.0 3.1 10.9 350.0 
Lus 2015 12 30 364 5.1 13.5 5.7 0.2 3.0 3.4 9.7 350.0 
Lus 2015 12 31 365 5.8 12.2 4.2 0.0 0.5 2.6 10.7 350.0 
